100             0.02             5.8            0.0203
120             0.04             6.2            0.0206
140             0.06             6.5            0.0209
160             0.1              6.9            0.0215
180             0.16             7.4            0.0224
200             0.23             7.8            0.0235
220             0.34             8.3            0.0251
240             0.51             8.8            0.0277
260             0.70             9.3            0.0305
280             0.99            13.1            0.0349
300             1.23            13.5            0.0385
320             1.73            13.9            0.0460
340             2.3             14.3            0.0545
360             2.99            14.7            0.0649