300             0.00000            13.5            0.020
400            -4.60517            15.6            0.020
500            -2.65926            18.0            0.021
520            -2.30259            18.5            0.022
540            -2.04022            19.0            0.022
560            -1.60944            19.6            0.023
580            -1.27297            20.1            0.024
600            -0.91629            20.6            0.026
620            -0.44629            27.3            0.030
640            -0.05129            27.7            0.034
660             0.30749            28.1            0.040
680             0.70804            28.6            0.050
700             1.01160            29              0.061