500             0.07            18.0            0.021
520             0.1             18.5            0.022
540             0.13            19.0            0.022
560             0.2             19.6            0.023
580             0.28            20.1            0.024
600             0.4             20.6            0.026
620             0.64            27.3            0.030
640             0.95            27.7            0.034
660             1.36            28.1            0.040
680             2.03            28.6            0.050
700             2.75            29              0.061
720             4.13            30.1            0.072