50             -4.60517             5.2            0.0200
100            -3.91202             5.8            0.0203
120            -3.21888             6.2            0.0206
140            -2.81341             6.5            0.0209
160            -2.30259             6.9            0.0215
180            -1.83258             7.4            0.0224
200            -1.46968             7.8            0.0235
220            -1.07881             8.3            0.0251
240            -0.67336             8.8            0.0277
260            -0.35668             9.3            0.0305
280            -0.01005            13.1            0.0349
300             0.20701            13.5            0.0385
320             0.54812            13.9            0.0460
340             0.83291            14.3            0.0545
360             1.09527            14.7            0.0649