100             0.02            0.0            0.02061 
120             0.04            0.0            0.02137
140             0.06            0.0            0.02281
160             0.1             0.0            0.02608
180             0.16            0.0            0.03269
200             0.23            0.0            0.04499
220             0.34            0.0            0.06675
240             0.51            0.0            0.10327
260             0.70            0.0            0.16268
280             0.99            0.0            0.34405
300             1.23            0.0            0.53716
320             1.73            0.0            0.84013
340             2.3             0.0            1.31465
360             2.99            0.0            2.05768