500             0.07            0.0            0.03056
520             0.1             0.0            0.03954
540             0.13            0.0            0.05431
560             0.2             0.0            0.07783
580             0.28            0.0            0.11383
600             0.4             0.0            0.16835
620             0.64            0.0            0.32289
640             0.95            0.0            0.47689
660             1.36            0.0            0.70485
680             2.03            0.0            1.04228
700             2.75            0.0            1.54136
720             4.13            0.0            2.27992